34 110 53 126 7 71 21 50 20 39 10 127 120 69 24 106 90 29 38 13 55 52 89 94 92 83 84 73 72 3 74 37 93 9 115 18 135 75 31 79 49 100 51 96 87 46 129 43 16 33 60 134 56 117 114 121 14 28 86 12 124 11 111 130 35 19 118 81 82 22 27 64 54 8 6 104 133 131 95 99 61 97 36 5 23 44 59 58 78 30 48 26 25 42 128 116 98 105 109 70 108 103 67 88 132 77 45 32 76 112 107 102 91 123 113 2 41 122 40 1 47 101 85 119 15 66 68 80 63 17 125 57 65 62 
45 18 89 78 73 15 84 107 9 111 51 70 21 47 25 105 97 27 8 6 49 104 2 56 59 123 90 135 130 114 69 44 132 34 68 93 109 96 29 61 92 33 19 95 26 121 24 116 62 40 7 54 101 53 127 117 110 67 50 35 30 3 1 75 74 103 120 58 108 112 10 12 36 82 100 102 52 87 88 94 55 14 11 115 119 66 41 77 46 85 134 32 60 125 42 83 43 48 28 64 13 129 31 86 76 81 106 57 124 20 126 22 71 79 63 37 72 128 98 17 80 65 122 118 133 38 131 99 113 23 39 5 91 16 
126 90 42 83 106 92 78 59 55 36 66 73 44 94 5 99 11 50 32 127 39 123 119 43 96 35 49 135 108 52 30 77 133 60 86 124 71 38 23 22 19 121 34 3 6 102 101 98 115 54 116 76 1 118 37 27 45 74 110 81 21 13 70 8 7 112 97 89 46 47 79 18 10 103 2 88 40 65 15 12 67 130 31 122 20 117 64 113 57 109 128 29 120 63 107 131 28 61 114 58 85 14 56 53 93 75 69 25 82 129 80 72 87 48 91 26 105 51 104 17 9 125 24 41 33 132 111 100 16 95 84 68 62 134 
73 69 72 42 63 101 93 107 6 111 8 79 80 33 117 64 62 84 11 96 68 116 22 13 121 114 34 125 98 40 60 120 49 57 24 88 83 51 43 52 55 99 48 66 28 129 126 65 47 77 115 67 94 36 3 122 20 31 131 135 16 59 53 45 78 58 26 86 12 27 85 30 14 95 32 112 25 15 128 87 89 74 97 23 5 10 38 54 82 100 1 103 106 108 91 29 134 109 2 41 110 44 46 119 71 113 105 133 104 130 127 61 21 17 81 70 7 124 75 92 118 18 35 56 9 19 50 37 39 123 132 102 76 90 
131 34 67 105 85 77 38 5 120 78 132 92 16 29 89 70 126 31 121 98 30 33 75 114 65 26 11 76 39 110 49 35 40 58 115 83 95 71 87 46 128 10 100 84 112 44 69 45 106 135 12 102 117 107 123 37 48 68 36 15 47 50 53 17 7 42 1 82 127 21 52 124 122 129 125 61 63 28 59 91 2 60 113 86 62 90 111 88 27 74 73 81 20 104 93 101 54 66 14 80 55 51 116 57 99 24 25 103 19 108 133 18 8 22 134 41 32 72 79 119 23 56 96 13 6 97 130 94 118 9 3 109 43 64 
69 28 102 42 1 31 55 96 76 45 70 88 65 67 11 129 22 23 80 120 133 93 53 119 61 122 95 35 87 15 107 25 59 127 40 101 8 134 92 33 72 89 130 97 44 57 91 90 58 20 83 78 81 30 54 99 74 126 38 48 113 98 36 132 124 116 106 114 47 123 85 111 112 41 13 49 29 50 121 110 82 125 27 10 64 71 117 43 21 77 9 62 39 51 34 26 131 104 73 108 94 66 115 2 52 46 105 75 18 100 56 135 109 12 3 60 17 103 128 7 32 24 14 37 16 86 63 84 19 5 79 6 118 68 
67 125 28 55 102 38 2 59 113 7 56 92 94 97 33 58 35 135 9 22 53 8 106 99 72 95 127 47 11 115 109 130 24 114 64 10 5 23 87 46 41 49 51 57 100 19 133 34 44 30 89 50 112 26 40 29 78 48 15 120 42 12 45 84 31 13 101 37 63 39 124 54 119 104 32 116 85 123 131 21 1 118 128 75 62 83 93 110 66 77 70 98 86 27 82 122 105 111 71 14 73 107 121 6 68 132 74 117 25 88 79 69 129 91 60 61 96 36 103 108 81 52 3 90 43 80 134 65 126 76 16 20 17 18 
81 54 58 65 21 14 62 33 125 5 73 32 102 71 26 100 70 82 59 1 115 93 123 40 13 44 113 61 39 120 94 72 34 124 56 99 97 87 98 19 50 132 89 18 22 68 101 57 126 3 52 36 30 96 27 17 2 77 110 15 105 69 67 88 79 121 119 114 85 128 135 64 74 92 78 38 111 129 46 8 49 47 90 134 16 10 107 112 118 95 103 60 75 104 53 31 12 20 7 29 66 37 11 25 91 80 131 109 76 9 133 108 83 23 6 42 84 63 43 28 45 127 41 24 130 86 122 48 106 117 35 116 51 55 
17 25 39 71 3 18 72 134 55 122 93 125 99 6 109 62 24 54 102 29 98 5 111 36 118 101 128 83 108 79 37 76 91 84 8 22 96 47 135 129 106 110 114 92 81 20 117 67 94 26 97 56 70 30 57 9 38 14 90 27 82 28 23 113 46 60 95 116 103 41 120 121 112 16 132 73 58 107 35 66 1 87 2 105 59 80 11 15 49 63 130 52 7 75 86 133 89 65 124 88 32 44 123 43 21 115 69 31 61 131 104 78 19 127 50 64 10 34 13 53 45 126 33 100 74 68 51 48 42 77 119 40 12 85 
30 22 101 33 7 98 104 116 135 133 90 43 129 78 9 49 59 56 54 63 25 32 42 26 24 132 57 45 75 16 127 123 6 89 29 96 21 134 66 93 74 125 38 39 27 70 15 88 106 48 131 58 91 55 11 81 79 51 108 94 114 44 8 76 102 115 85 20 18 36 71 2 103 130 128 10 72 92 87 3 97 62 118 46 14 69 47 68 105 111 52 117 100 107 80 86 73 119 1 112 41 77 99 110 12 61 109 84 60 28 122 113 126 17 37 82 35 65 5 34 53 120 40 121 95 19 124 13 67 83 64 23 50 31 
