10 69 85 55 113 18 108 7 36 65 99 62 100 6 35 94 78 28 127 76 106 104 70 98 43 11 47 72 60 57 96 14 33 101 29 97 44 19 92 80 133 116 119 1 74 52 110 126 37 77 83 103 130 2 135 17 9 39 50 87 34 53 109 21 91 58 8 123 131 31 102 5 46 20 125 54 132 86 129 12 51 95 41 118 66 22 42 71 134 68 128 105 59 82 89 38 45 63 23 56 4 81 24 73 117 49 48 115 75 67 121 122 32 79 120 30 88 25 112 40 111 93 61 107 15 64 27 16 3 114 124 84 90 26 
17 129 110 100 22 125 130 11 126 80 38 62 105 81 84 96 122 113 44 39 37 64 9 86 98 127 107 75 134 52 76 49 114 50 92 33 48 8 131 23 65 123 108 116 30 128 85 109 104 91 41 77 42 47 94 4 20 36 10 135 74 31 111 97 54 63 124 57 12 29 60 72 120 53 21 87 2 28 71 95 24 5 18 90 58 66 102 51 132 26 7 56 16 69 6 15 121 89 117 78 70 67 83 106 73 68 46 119 43 115 34 40 3 99 118 61 112 133 101 35 82 45 59 32 1 55 27 88 103 19 25 14 93 79 
10 2 78 95 58 23 26 131 59 117 100 67 102 20 57 118 65 56 37 104 16 5 39 51 8 134 43 4 35 75 111 124 50 127 85 54 92 120 25 31 113 133 36 94 41 98 7 82 116 52 19 53 107 66 1 128 114 55 81 132 28 9 121 49 42 115 93 3 44 86 27 73 106 122 45 74 70 64 123 83 91 89 87 17 109 68 105 21 46 80 30 110 12 88 61 24 126 129 34 72 29 79 6 11 103 22 40 96 47 14 130 69 101 76 108 77 97 135 99 15 33 60 119 62 71 63 18 32 38 112 125 48 84 90 
109 100 8 83 122 94 18 96 58 131 125 69 22 116 120 20 82 84 19 118 16 78 51 59 10 126 31 37 64 95 81 62 43 49 115 129 87 48 12 23 50 40 67 71 41 44 53 17 106 15 89 127 117 110 85 14 4 7 65 66 99 28 80 135 121 6 88 74 90 112 119 25 63 97 52 73 45 39 55 29 61 107 104 42 101 54 33 70 35 128 132 5 113 26 1 92 111 21 77 56 38 27 91 36 134 114 3 105 98 60 9 103 102 108 24 2 133 93 47 124 32 86 76 30 46 130 68 34 11 72 123 79 75 57 
17 117 46 98 90 11 135 45 24 37 43 47 71 113 83 118 62 1 91 42 96 133 74 124 21 20 126 29 93 92 108 34 39 68 114 127 57 19 69 129 132 95 121 134 88 60 33 48 64 58 18 84 49 78 53 40 80 50 15 27 54 82 81 97 99 125 14 9 67 116 51 8 120 4 10 44 66 6 72 59 102 94 112 111 76 32 41 77 103 22 70 110 25 128 31 65 87 5 23 16 106 36 28 79 107 2 115 7 122 30 3 85 123 86 104 12 131 89 105 75 100 56 109 101 119 38 35 55 61 63 130 52 26 73 
53 92 130 96 40 88 55 21 89 27 49 8 48 83 85 6 81 30 129 22 52 66 65 99 104 1 14 19 97 24 101 110 72 54 91 10 127 121 20 135 113 32 126 34 105 132 109 75 11 68 108 23 116 12 117 9 77 106 71 103 134 36 79 78 42 37 63 46 50 76 84 64 114 35 70 26 125 111 80 73 33 93 38 29 107 5 60 94 57 82 124 31 123 2 25 58 47 100 115 45 98 18 62 118 17 67 87 86 95 51 43 16 133 59 120 44 3 69 102 41 28 112 122 61 7 74 119 4 90 39 131 128 15 56 
23 73 104 8 102 29 111 56 77 39 103 26 33 93 43 94 55 37 9 53 16 22 121 119 40 42 92 88 115 98 60 89 107 132 135 90 2 4 41 112 118 51 35 38 45 47 97 66 105 69 96 62 126 109 75 3 82 31 113 21 114 65 72 70 63 101 106 7 87 130 76 81 83 18 19 124 50 32 123 95 20 54 99 133 61 34 24 78 134 74 36 57 120 12 6 68 15 131 86 59 84 30 48 25 79 122 80 127 17 117 85 108 125 11 100 91 110 14 58 28 52 116 46 27 128 64 71 49 10 44 1 67 5 129 
45 51 25 91 11 22 100 63 116 44 8 37 24 108 36 120 15 17 38 107 124 134 96 135 20 26 19 31 43 93 80 99 72 12 7 10 2 54 71 109 30 126 82 61 33 57 62 121 55 46 35 40 131 53 101 41 64 132 105 5 6 74 119 27 49 29 68 4 16 76 88 75 21 3 73 84 58 95 32 129 56 1 86 112 128 77 127 104 115 102 89 50 111 122 70 60 114 18 47 67 28 123 59 66 117 52 110 130 69 23 78 81 79 87 48 94 118 14 133 85 83 106 113 125 34 39 90 65 97 42 103 9 92 98 
53 16 59 48 82 92 102 19 109 23 62 70 81 60 116 106 52 85 54 38 46 128 29 37 18 111 119 21 87 134 41 36 71 10 27 35 100 44 115 125 103 73 6 75 130 24 89 78 65 110 83 61 17 96 22 113 131 126 55 25 120 129 33 43 50 132 104 123 79 133 32 58 67 57 108 28 15 9 80 118 135 5 101 56 124 117 114 122 4 76 86 47 84 121 74 30 1 64 97 2 66 39 94 49 90 63 91 26 12 31 95 20 42 93 51 98 34 7 88 14 107 77 112 68 8 105 3 99 40 127 11 69 45 72 
45 97 79 132 38 135 5 100 99 51 21 12 130 32 103 124 31 46 95 14 36 29 17 63 131 11 125 126 47 119 102 98 44 23 92 82 90 115 104 70 105 59 77 72 10 42 30 76 54 58 127 67 2 64 133 114 56 122 96 94 120 78 49 106 111 53 101 107 60 4 39 15 75 117 84 55 110 6 35 66 81 73 83 86 9 118 80 28 57 37 93 62 22 16 33 71 128 112 43 88 109 3 24 18 87 116 108 121 7 69 91 89 85 34 74 65 129 123 41 8 113 1 50 48 26 20 61 52 40 27 19 25 134 68 
