66 51 52 92 49 42 31 119 4 26 97 82 135 94 46 108 88 60 35 72 18 58 134 78 118 120 112 68 41 55 65 74 99 1 63 80 117 53 114 95 75 14 115 29 79 43 109 30 73 61 25 59 28 129 90 133 121 107 125 19 132 103 110 105 77 89 131 50 15 122 24 2 81 116 32 102 71 45 69 7 44 62 86 33 128 93 11 13 37 113 47 127 22 3 12 27 87 38 54 124 34 96 16 9 123 111 67 126 57 85 91 39 64 100 8 36 104 98 76 56 5 83 48 130 101 20 10 6 70 21 106 17 40 84 
130 124 13 90 70 54 121 110 79 30 29 15 67 68 78 91 57 106 40 103 89 35 85 31 21 80 18 107 123 26 74 94 59 113 102 105 14 111 83 6 99 11 36 131 64 20 52 126 37 69 84 1 75 82 134 86 33 117 46 32 122 62 50 4 47 38 127 100 45 114 95 108 72 65 56 101 115 61 96 81 25 22 16 125 2 49 118 104 28 60 8 41 120 44 77 87 92 93 9 129 112 109 66 34 42 128 119 12 58 133 39 7 3 97 43 88 48 27 73 71 5 63 98 132 17 51 19 24 76 116 55 10 135 53 
62 56 37 79 130 74 57 119 85 19 94 63 109 26 10 11 73 95 101 40 45 89 64 22 82 117 96 41 97 6 60 28 104 112 29 2 83 51 88 18 65 48 115 129 24 20 61 124 93 67 118 54 77 25 84 68 72 47 106 36 100 99 122 3 32 12 7 76 4 116 59 90 125 39 42 114 49 33 87 13 66 134 132 34 14 69 92 30 52 110 53 9 46 108 86 111 131 126 107 5 35 58 121 91 1 44 50 113 103 135 81 21 15 16 123 78 43 38 128 17 98 70 31 8 55 71 133 120 80 102 105 27 127 75 
101 35 48 119 115 31 107 73 72 109 98 88 53 27 94 14 15 10 120 59 32 58 28 19 45 71 1 52 131 105 135 2 79 49 133 127 39 68 34 82 13 11 90 18 57 65 123 97 69 40 128 118 17 122 63 62 95 125 36 85 116 74 130 66 64 126 104 25 41 134 38 6 93 22 124 132 37 111 76 96 87 50 102 91 100 103 4 12 75 61 51 42 99 80 3 112 54 77 21 70 29 30 16 108 129 9 26 114 20 24 56 47 46 81 7 84 44 55 83 89 78 8 110 117 33 67 60 5 92 113 106 86 43 121 
39 133 62 80 47 111 34 92 84 132 110 42 63 90 38 6 68 56 13 50 58 104 112 55 41 70 65 57 76 129 2 19 27 26 120 85 130 71 5 66 78 22 53 21 95 52 101 131 28 16 89 25 79 11 35 46 12 117 108 54 69 105 67 113 123 36 64 127 60 3 125 49 96 72 7 118 106 31 45 94 30 59 88 15 9 74 73 29 40 20 14 43 33 48 134 119 102 44 8 121 103 107 61 24 86 75 51 124 77 122 10 17 116 109 87 32 81 1 135 18 97 82 4 126 83 99 100 114 115 93 128 37 98 91 
63 19 87 84 25 61 6 133 43 122 4 103 128 82 35 91 18 58 33 94 67 101 79 100 51 32 28 74 8 89 92 55 29 45 86 41 78 17 93 16 114 129 127 34 77 69 49 72 64 15 126 12 124 85 5 107 104 3 71 24 44 134 70 54 26 80 102 97 123 42 106 50 131 14 39 75 27 60 118 68 120 130 110 10 83 9 2 88 112 113 37 117 135 59 105 65 1 31 48 13 36 40 62 20 116 96 132 46 119 95 90 47 76 52 108 111 121 125 11 21 30 109 38 115 56 22 99 57 81 98 73 53 7 66 
86 67 57 132 70 65 40 83 37 26 95 87 22 55 85 96 78 50 54 79 29 116 98 1 106 110 43 53 117 118 81 127 113 129 130 102 105 41 82 38 74 71 48 112 20 131 27 11 122 49 33 28 68 60 66 80 62 103 119 3 91 76 109 15 108 128 39 31 32 93 46 121 88 2 24 52 21 59 34 17 8 45 111 125 69 77 63 99 101 134 6 35 90 73 30 42 94 133 44 123 19 5 10 104 135 16 56 97 72 64 58 75 9 4 114 100 25 124 12 120 7 84 92 18 107 36 61 126 115 13 89 51 14 47 
69 55 34 48 6 11 8 47 128 3 17 61 53 87 92 120 116 115 67 103 31 32 63 119 28 49 99 111 46 85 88 41 108 65 97 95 36 14 89 86 22 4 51 114 24 5 57 16 101 104 96 33 64 124 2 10 1 18 20 68 15 9 84 134 82 77 98 73 45 71 56 70 38 13 112 66 59 106 52 90 35 74 60 79 50 62 12 27 40 44 100 118 25 29 19 81 130 131 121 122 83 37 107 94 75 91 43 42 21 129 133 105 110 80 126 39 26 54 76 102 113 30 132 7 58 109 127 123 135 93 72 117 78 125 
101 124 131 113 106 64 75 69 1 71 29 105 33 56 112 116 96 118 86 26 12 59 13 48 99 89 57 76 45 61 20 79 84 51 91 39 134 42 7 72 27 34 94 111 60 17 49 67 21 93 19 55 108 135 80 123 88 114 32 85 100 127 70 133 73 74 103 125 119 11 35 37 58 41 77 14 82 5 83 52 110 6 107 81 109 38 98 102 46 126 115 66 130 92 78 132 44 43 104 8 62 95 3 40 28 129 30 16 121 4 15 53 18 122 117 2 120 87 90 22 47 128 63 10 54 68 65 25 97 31 50 36 24 9 
104 50 25 117 70 111 67 9 18 120 62 56 10 115 79 93 78 95 51 91 34 28 39 114 35 55 66 15 103 109 92 105 124 133 85 65 107 49 73 32 42 64 113 37 63 57 77 122 116 74 40 84 19 4 54 123 134 96 17 43 47 41 36 98 13 86 94 99 125 2 119 45 81 59 68 112 129 44 20 126 58 127 21 128 131 118 48 88 12 26 72 108 29 132 24 7 75 14 22 80 83 87 135 11 38 52 71 27 89 82 106 101 30 76 1 33 16 130 31 61 90 6 102 60 97 69 110 8 53 121 3 5 46 100 
