20 88 90 33 17 46 76 65 10 37 57 8 63 55 125 121 74 75 15 113 106 52 48 128 124 14 3 81 34 92 103 36 97 115 72 27 120 116 1 56 91 16 114 60 100 50 127 98 135 73 99 83 126 44 23 108 22 21 13 9 7 19 51 41 38 122 40 117 82 66 80 129 118 86 104 68 133 131 69 32 58 110 87 45 43 71 77 24 119 123 61 84 67 130 12 95 111 18 47 93 107 132 6 49 2 102 78 4 26 28 35 64 11 96 101 70 42 53 109 29 31 59 94 134 25 89 112 85 54 5 30 62 79 105 
59 130 80 87 114 33 112 89 48 68 34 23 111 11 76 49 52 81 75 63 97 133 57 110 44 108 115 27 86 3 26 9 91 88 31 118 14 125 124 100 40 134 53 83 69 66 41 82 28 2 70 127 10 17 85 78 15 72 93 65 126 99 116 64 4 55 32 129 94 1 74 19 113 29 135 54 96 71 101 58 30 20 67 12 60 42 16 13 8 106 104 47 22 37 131 90 128 38 7 132 92 61 35 62 36 25 119 121 45 109 43 117 103 5 50 98 6 79 95 107 123 51 18 24 84 122 77 21 120 46 73 56 102 105 
115 27 76 24 130 32 28 112 46 118 37 73 2 55 92 104 83 4 84 96 125 7 36 1 48 45 57 88 77 58 38 3 15 95 119 10 79 8 59 23 41 91 97 17 20 82 9 87 131 49 80 31 33 54 111 106 70 16 61 65 50 99 107 68 122 105 85 117 69 13 75 42 100 109 93 120 116 30 128 19 132 51 5 53 29 21 67 66 44 52 98 108 64 62 123 102 129 81 47 135 60 56 113 43 63 121 78 12 71 74 133 34 90 94 114 6 22 40 11 126 18 89 127 101 110 103 25 86 14 134 124 72 35 26 
1 107 124 103 67 74 38 32 15 6 13 30 72 43 87 66 45 4 49 120 54 96 53 122 31 97 56 41 14 44 81 125 132 93 115 26 113 88 108 76 95 75 82 135 17 111 102 29 5 60 58 99 24 106 101 114 2 10 118 25 11 36 105 55 42 104 128 34 110 127 68 7 100 80 22 85 23 119 77 116 94 48 109 69 50 78 84 134 133 59 52 89 47 27 19 61 70 37 33 83 63 51 117 86 92 91 28 79 65 46 12 18 129 98 64 121 8 35 130 126 3 112 9 131 73 21 40 123 90 20 62 57 16 71 
7 23 113 52 25 118 76 78 36 56 129 27 112 89 50 82 51 45 84 26 67 31 80 4 90 127 35 15 125 81 54 58 111 43 33 34 46 115 94 37 1 95 70 5 74 69 38 132 22 75 85 121 48 104 61 12 119 105 60 19 18 49 72 88 57 28 13 2 71 21 40 128 41 92 117 62 109 59 24 130 6 99 87 93 42 14 102 91 77 64 9 8 131 98 103 66 134 107 114 3 17 32 44 116 83 53 135 108 47 122 110 97 29 79 68 106 20 63 65 73 30 11 100 101 16 133 55 86 96 10 126 123 120 124 
127 94 37 132 60 102 124 104 30 50 133 49 52 121 53 19 120 62 89 20 128 85 96 13 6 109 29 81 75 118 1 54 117 47 88 114 16 130 31 14 98 111 129 103 9 38 26 64 92 45 59 126 61 83 10 32 51 77 58 106 15 21 27 18 24 108 2 87 65 25 107 91 110 105 131 42 74 135 5 11 76 79 116 67 46 68 41 44 99 56 7 101 125 95 8 43 134 78 69 12 97 4 119 86 55 23 34 123 93 3 28 80 36 63 100 73 66 82 17 48 40 35 70 71 113 33 84 22 72 115 90 57 122 112 
70 107 41 51 126 67 118 5 52 56 59 31 47 48 35 99 73 125 6 124 21 128 17 4 20 22 114 40 18 106 135 97 25 101 91 30 123 98 110 8 133 111 54 81 100 61 27 108 130 7 117 86 72 132 77 15 23 84 90 79 62 55 34 119 122 11 87 38 88 45 113 94 71 64 2 112 16 42 105 109 92 96 65 121 32 76 50 131 85 89 120 46 28 75 102 12 57 115 74 1 116 63 14 93 78 58 9 24 83 44 26 80 66 69 13 29 104 127 33 129 37 60 95 19 53 36 82 10 49 43 3 68 134 103 
83 49 42 21 113 111 88 117 8 108 48 68 9 119 122 98 36 71 37 62 135 23 51 25 118 121 40 61 15 86 92 80 132 54 10 101 129 56 33 24 96 27 77 20 7 12 126 70 81 43 50 18 17 3 104 97 65 100 57 72 46 5 63 99 66 84 74 82 45 133 115 11 58 6 4 124 32 75 78 29 14 123 105 76 131 55 22 114 13 109 103 127 87 60 19 34 116 59 73 106 93 2 91 64 1 102 53 128 110 85 120 112 90 28 134 94 130 107 89 67 95 35 41 38 44 52 31 47 69 16 26 30 125 79 
111 59 133 82 3 91 96 119 88 98 44 118 18 97 124 120 75 67 21 45 38 69 14 121 42 84 16 43 36 130 4 23 72 80 53 85 51 70 24 68 102 40 107 100 83 108 55 103 77 131 54 58 19 123 15 30 126 56 110 49 5 50 115 78 73 134 89 79 13 125 10 101 22 33 57 60 104 61 17 76 71 29 52 116 112 7 135 62 128 26 6 64 109 93 37 11 46 106 113 47 31 127 114 87 129 99 48 27 32 117 12 25 35 74 66 20 94 92 2 86 8 132 81 65 28 90 9 63 105 122 1 95 41 34 
84 6 50 71 17 118 72 58 134 33 99 95 132 120 64 114 11 130 73 88 133 66 109 121 125 117 126 36 91 47 113 86 112 32 116 34 111 28 107 61 122 129 75 80 62 35 92 41 23 12 21 1 15 46 104 18 40 48 25 10 103 53 78 38 89 76 2 110 70 74 22 63 65 30 85 106 108 81 59 60 100 135 29 123 52 87 115 82 5 119 79 55 101 31 14 45 68 19 16 127 67 4 102 93 42 7 97 54 77 69 44 49 96 131 51 24 105 9 37 57 56 94 3 90 27 128 83 124 98 26 20 13 8 43 
