82 126 41 50 90 128 112 132 39 53 1 44 74 64 123 104 24 111 49 16 21 33 122 87 4 102 3 17 77 119 62 26 27 124 101 25 97 58 51 107 86 47 127 20 56 99 134 129 5 59 32 96 36 98 130 93 40 92 68 105 69 115 80 91 103 135 72 22 133 70 30 63 114 9 94 76 54 109 6 100 110 84 35 116 73 18 67 120 23 60 61 118 85 55 75 28 34 31 43 37 2 106 121 117 11 113 52 78 14 79 89 8 57 7 131 15 88 81 38 66 108 46 13 65 48 42 45 71 19 10 125 95 12 83 
84 105 23 53 50 38 115 67 43 1 55 10 128 125 60 75 133 122 81 35 80 85 54 24 113 108 70 114 46 30 8 82 95 40 68 88 98 111 112 9 79 91 123 117 36 97 32 100 93 102 126 12 94 18 4 127 65 47 99 66 124 109 3 61 49 11 103 5 51 120 52 72 20 39 28 83 41 21 15 63 77 62 134 118 76 74 104 2 106 37 59 34 135 78 56 42 71 6 90 86 33 101 13 89 26 116 96 44 107 131 27 119 64 58 92 45 48 132 19 87 73 110 22 17 121 14 31 7 16 25 69 57 130 129 
21 31 103 129 116 72 37 6 25 35 91 104 26 14 102 53 118 73 100 49 58 106 87 124 85 54 67 44 10 66 9 119 69 8 57 109 77 68 88 84 7 34 105 135 11 36 111 23 4 32 38 63 71 24 107 59 112 113 65 125 117 132 12 47 114 86 56 128 16 27 80 81 55 62 22 98 123 76 17 64 46 79 42 60 61 130 94 18 20 70 13 28 43 5 19 90 95 131 50 97 115 110 120 45 30 40 51 3 133 15 134 99 1 74 75 83 41 89 96 127 2 122 121 52 101 82 39 126 78 108 92 33 48 93 
36 71 76 74 77 70 49 100 7 121 91 23 57 130 64 21 37 15 63 59 117 67 62 133 66 52 6 60 108 33 92 22 87 19 26 107 56 16 118 42 73 10 90 103 12 40 99 55 84 83 86 127 112 9 18 131 17 79 65 111 20 72 101 25 114 34 110 5 89 119 123 104 97 135 96 43 98 124 88 109 68 85 81 45 116 1 46 51 2 105 14 58 53 69 126 27 24 48 61 129 8 41 3 95 134 44 128 28 54 80 38 125 78 102 31 75 39 120 30 106 115 94 93 11 132 35 13 122 47 50 4 113 82 32 
27 120 94 37 38 62 100 93 92 105 64 13 126 63 69 104 106 119 107 25 19 67 26 96 81 117 59 134 51 133 10 83 122 98 68 14 42 128 80 135 109 44 82 46 54 9 87 16 28 60 90 84 129 7 76 8 132 130 58 97 3 75 114 1 45 65 103 88 70 20 5 6 99 110 39 33 52 86 125 115 113 89 35 48 50 127 4 18 24 17 21 15 124 23 111 66 71 41 30 72 77 56 12 95 49 74 78 121 116 79 123 118 73 57 40 47 101 2 36 34 22 53 131 31 91 112 43 61 85 102 11 108 55 32 
129 126 26 63 42 99 75 50 2 28 105 59 89 93 115 132 92 51 96 65 21 133 68 131 38 62 18 95 27 85 13 32 124 122 22 16 12 74 87 97 127 120 107 106 102 66 11 33 128 77 55 54 113 39 30 72 17 37 69 90 134 7 15 34 104 1 58 67 56 103 125 116 43 114 57 44 47 71 86 14 100 108 64 88 5 4 40 135 36 98 20 19 110 70 83 45 31 25 48 109 52 119 76 123 8 94 49 84 73 78 118 81 53 112 117 35 101 23 9 130 91 10 82 80 79 61 111 60 121 3 46 6 41 24 
110 118 76 125 89 30 25 77 15 82 73 121 74 44 123 21 11 126 64 56 54 5 88 109 106 112 66 70 63 129 50 135 57 18 33 16 48 108 72 124 42 80 127 47 104 111 97 67 65 133 94 91 40 114 20 46 81 49 52 84 85 34 132 23 1 3 119 28 92 6 9 87 130 75 117 10 93 69 83 103 19 71 31 62 78 55 38 12 4 41 59 128 107 96 60 36 105 61 53 27 122 45 79 32 98 113 115 102 24 13 120 35 116 90 100 68 7 43 22 17 131 14 39 95 51 2 58 99 8 134 86 101 37 26 
112 95 22 63 14 129 108 33 9 80 121 6 132 130 89 127 70 97 11 18 20 115 53 27 99 91 64 87 23 75 4 123 122 61 39 85 60 58 73 124 13 10 77 47 133 117 59 109 82 19 104 96 78 65 41 79 84 7 81 135 119 28 42 49 105 76 36 67 131 12 3 111 52 37 25 56 55 120 30 44 94 1 100 40 128 54 48 51 118 72 113 125 2 71 24 86 62 46 92 31 83 5 68 98 43 126 66 101 102 35 93 32 50 106 103 107 57 69 17 74 21 88 116 26 134 90 110 8 114 45 15 38 34 16 
9 41 24 128 14 74 114 134 113 40 91 33 106 8 73 81 83 84 102 32 107 21 67 37 111 38 1 88 132 120 112 119 46 96 77 100 28 63 76 116 89 86 11 53 95 68 27 64 31 43 98 57 55 61 129 118 10 135 54 65 34 47 99 87 92 51 90 125 23 15 62 16 26 133 130 13 97 72 78 131 82 71 79 93 48 109 30 4 58 80 56 104 123 108 5 127 42 124 52 20 25 103 85 19 110 122 117 3 22 94 6 60 49 101 35 66 36 69 18 44 70 115 105 121 50 59 75 12 126 17 45 7 39 2 
79 74 80 36 58 53 17 113 33 125 40 34 120 121 70 75 88 101 131 124 22 11 19 31 104 4 96 10 130 78 64 98 13 55 67 59 84 102 48 95 3 82 114 89 108 68 71 72 35 122 127 23 106 26 119 73 117 93 118 63 45 123 128 90 94 134 41 135 42 81 37 97 103 105 76 92 30 16 57 126 15 51 66 24 39 111 46 1 18 107 12 60 9 62 6 25 44 21 83 87 49 129 109 27 43 77 133 86 56 100 91 65 28 32 54 116 52 20 38 115 2 5 112 8 85 99 69 47 7 50 14 61 110 132 
