70 83 66 108 85 56 5 119 40 71 1 96 134 69 88 106 117 87 63 45 16 118 129 114 24 52 25 125 32 90 131 9 7 15 110 116 112 127 36 107 64 84 23 81 92 105 44 30 54 2 133 121 115 39 53 77 46 99 135 75 111 132 26 51 13 128 6 48 12 38 123 68 80 102 89 10 28 130 124 73 4 11 3 47 21 61 49 18 41 58 8 120 22 29 65 97 62 113 57 55 67 79 60 19 34 93 78 91 82 95 42 101 86 74 59 37 35 17 31 100 50 98 33 72 76 122 103 94 104 43 27 126 20 109 
85 127 87 86 84 8 135 126 134 95 96 133 116 60 54 24 76 32 109 28 59 82 70 22 21 92 120 117 48 72 5 4 34 12 112 42 130 6 50 7 110 43 91 98 71 62 68 57 105 10 36 18 73 104 47 80 52 77 111 103 29 125 35 106 123 97 37 107 102 58 49 66 94 40 19 39 23 81 13 115 131 67 64 46 119 20 113 9 90 53 31 128 63 27 124 93 2 114 129 83 78 15 16 56 25 11 69 101 41 30 132 26 55 99 17 61 51 108 118 89 38 79 3 121 33 65 1 88 44 122 100 45 75 74 
58 12 3 16 48 24 43 31 71 21 103 30 6 44 25 37 106 8 76 45 4 128 126 13 62 66 57 134 94 9 2 61 67 113 100 50 114 125 105 33 127 28 115 27 119 11 17 122 18 96 93 88 63 92 32 59 64 101 111 83 20 65 133 123 39 49 109 69 87 97 40 104 60 10 51 84 36 80 108 23 131 38 118 15 5 116 74 53 26 132 46 112 89 54 82 19 91 47 55 42 81 117 77 102 95 35 70 107 90 22 120 79 135 7 86 1 34 78 41 29 110 85 98 68 99 124 121 56 52 75 129 130 73 72 
34 47 3 130 127 44 16 48 68 4 132 24 92 25 20 52 67 10 54 21 82 8 51 18 106 121 5 70 109 35 100 72 49 135 117 23 53 98 15 129 28 113 66 12 133 59 33 114 69 29 103 56 76 86 110 45 80 105 75 9 102 63 13 77 90 36 50 71 119 17 134 43 62 87 83 123 73 88 79 122 41 116 27 128 22 6 99 2 81 108 94 7 95 58 19 118 124 107 32 64 46 30 78 101 40 39 97 57 111 74 61 120 131 37 84 126 93 55 115 104 60 1 89 65 26 96 11 42 85 38 125 112 91 31 
32 35 47 54 62 90 53 105 125 115 43 28 103 123 20 73 40 87 55 7 68 52 106 5 100 130 48 94 45 22 80 79 16 97 72 127 63 26 29 95 135 102 60 107 134 51 92 131 59 110 61 56 124 133 42 89 120 38 108 19 39 64 2 33 50 84 70 17 3 128 4 27 116 76 44 31 112 126 67 49 23 15 101 1 118 132 117 78 34 6 36 37 77 74 121 8 114 86 65 10 57 93 122 30 58 46 11 18 24 75 111 83 85 71 66 104 41 129 69 82 9 13 81 113 98 21 119 88 109 12 96 91 99 25 
75 18 121 104 125 93 113 83 85 23 122 133 126 25 48 20 97 94 96 45 117 5 110 103 78 44 40 41 33 43 13 105 65 64 10 131 49 46 89 47 51 57 120 102 69 37 92 27 17 100 79 6 74 21 42 86 82 53 66 115 56 72 36 54 88 134 132 39 90 129 76 2 130 28 109 119 60 9 58 101 11 107 118 32 71 114 62 19 106 12 108 3 61 31 98 80 59 30 34 91 112 116 95 52 63 1 38 128 77 81 124 67 84 22 16 50 70 35 123 127 135 68 24 111 4 55 15 29 73 87 7 8 26 99 
7 91 98 67 53 20 1 117 100 27 103 131 72 43 87 41 65 130 36 95 94 74 69 3 45 128 97 109 25 35 22 8 37 107 101 105 89 134 63 82 120 78 42 110 57 92 115 47 116 85 39 90 11 71 16 26 9 106 19 119 38 121 104 127 122 99 49 125 2 34 10 84 58 73 79 59 96 133 29 64 54 124 55 18 21 12 66 60 68 40 102 113 76 75 86 17 126 83 32 6 108 62 30 114 13 51 52 123 48 50 112 28 44 80 81 56 129 5 118 31 111 4 61 93 88 132 46 70 24 33 15 23 135 77 
79 116 98 38 89 68 126 23 127 55 61 59 76 120 63 29 17 41 115 106 96 90 81 24 56 37 19 77 28 9 4 125 11 70 49 117 65 118 114 22 21 31 134 132 104 103 130 44 12 64 94 20 13 62 78 18 80 83 10 43 36 135 6 108 123 8 82 27 105 54 32 131 74 48 133 46 84 102 91 119 97 110 122 109 42 33 60 1 128 40 35 66 101 50 15 73 45 111 112 26 124 52 7 75 71 51 2 113 53 100 107 87 129 88 72 93 57 85 99 95 67 3 47 16 69 121 58 30 5 86 25 34 92 39 
19 102 77 18 87 10 130 115 122 129 123 98 135 64 46 78 26 74 55 113 4 125 95 70 28 16 39 118 131 63 2 51 8 57 32 22 61 40 88 37 5 38 6 104 17 31 76 103 106 49 27 42 68 84 3 52 79 107 75 86 56 15 127 41 110 92 100 69 66 23 91 67 59 134 24 121 21 30 65 53 114 93 80 83 132 126 119 96 82 34 124 35 25 101 1 90 109 116 71 81 120 47 111 12 9 58 94 33 97 60 85 62 44 105 108 50 7 72 133 13 20 54 43 128 11 117 99 36 73 89 29 48 112 45 
85 72 118 94 16 134 40 22 92 93 45 51 102 114 28 19 42 86 122 11 100 87 46 47 135 59 88 107 38 15 54 117 65 99 125 50 108 132 120 52 126 133 3 7 36 43 97 77 61 25 76 96 91 83 8 129 12 105 73 79 115 58 23 95 64 123 62 78 5 130 20 75 44 30 70 41 1 112 18 90 57 109 124 82 13 67 103 29 71 33 24 131 26 53 104 98 55 81 35 69 32 60 21 48 4 9 127 49 116 113 74 121 63 110 84 34 27 2 31 106 119 68 6 17 66 37 128 89 56 39 80 101 10 111 
