83 85 127 64 44 99 48 104 43 41 93 49 125 129 20 28 113 19 17 7 40 120 60 52 123 2 11 10 98 32 31 58 46 89 103 114 121 70 79 68 21 88 61 107 86 26 30 128 25 57 63 38 133 106 131 74 108 115 118 77 102 73 4 122 55 23 94 71 5 14 15 75 36 51 96 29 67 34 90 87 8 130 97 50 134 62 81 110 3 80 16 116 112 18 109 6 45 56 84 101 135 91 59 100 92 1 47 22 72 37 42 39 95 66 54 132 12 111 126 9 53 76 78 82 65 13 119 27 35 105 117 69 124 33 
22 114 72 57 13 82 110 60 69 133 118 35 87 125 6 116 23 108 53 99 10 83 59 68 65 88 20 19 52 34 120 71 79 113 18 36 44 105 5 128 85 77 58 37 12 106 84 1 100 135 119 41 81 45 29 54 94 55 122 15 27 63 130 121 51 109 107 134 96 14 21 17 80 50 28 64 7 48 127 102 16 39 11 66 103 131 74 3 91 95 104 61 126 93 30 76 70 75 8 47 97 43 42 124 117 67 56 46 115 78 62 31 4 25 2 9 73 32 49 98 38 101 112 92 129 89 40 26 33 90 123 86 111 132 
99 22 121 66 23 85 19 44 21 125 122 34 83 49 72 59 79 52 107 103 18 48 124 112 61 120 76 113 51 38 104 102 98 133 95 29 90 71 67 70 106 15 17 28 129 82 111 26 100 4 116 127 10 75 108 115 12 43 8 80 81 57 123 56 117 114 109 77 27 96 2 87 33 118 128 91 86 13 74 50 46 89 93 119 47 68 5 55 65 53 134 73 9 41 130 88 62 1 94 84 58 40 30 45 11 92 132 64 20 131 25 16 6 39 42 69 105 35 60 31 126 101 78 97 54 110 135 32 37 36 14 7 63 3 
91 43 122 19 116 22 125 72 97 111 104 35 54 127 21 36 12 81 99 1 26 44 131 114 41 25 53 10 126 84 98 117 83 70 28 65 7 78 112 79 9 29 103 30 128 13 27 6 50 85 58 14 3 133 64 82 134 93 69 15 66 76 94 63 107 2 16 95 38 33 39 51 48 86 32 45 89 40 77 105 18 71 124 49 132 55 37 87 102 115 42 57 5 59 67 23 68 20 52 100 60 130 90 123 109 56 120 47 34 96 119 62 73 31 61 129 135 75 74 92 8 113 17 88 121 106 46 11 118 101 4 80 110 108 
130 89 71 88 73 127 50 121 29 103 99 101 123 80 16 46 115 131 67 38 36 62 15 44 78 39 37 113 57 82 106 26 60 33 4 98 135 74 69 107 17 81 30 102 21 122 42 64 51 6 47 43 9 79 105 84 86 3 23 66 56 11 100 95 55 133 134 108 7 117 49 124 2 53 94 91 72 87 18 45 32 34 111 120 132 112 92 118 19 27 8 119 25 12 129 10 97 41 14 109 116 22 20 35 76 63 5 126 68 48 93 58 54 85 70 31 96 1 83 90 52 128 61 125 75 110 40 114 59 28 65 77 13 104 
46 65 110 127 128 33 133 43 126 3 123 132 121 25 16 106 79 66 101 36 111 86 55 48 131 107 57 115 8 81 98 32 89 15 92 21 83 5 75 70 124 91 11 19 76 116 72 2 59 99 34 9 94 68 67 40 30 93 53 84 23 61 118 88 130 1 117 96 104 18 50 38 13 27 45 97 108 35 103 14 105 54 129 100 69 28 112 102 74 51 62 7 78 122 37 6 64 56 4 29 87 42 77 12 95 47 120 26 39 41 80 52 17 44 109 85 134 90 119 20 10 73 113 125 49 31 22 135 71 60 58 63 114 82 
25 130 27 29 54 31 15 61 62 102 80 70 32 77 92 127 47 63 53 58 26 49 55 66 116 42 9 36 13 112 96 135 128 78 35 100 22 18 6 57 106 56 119 101 117 68 120 14 17 90 65 38 39 98 88 87 118 30 103 40 50 7 73 74 93 12 86 44 110 43 122 134 20 125 91 21 105 123 94 76 52 133 2 11 37 51 75 60 59 121 108 114 45 104 111 85 95 97 3 41 89 48 72 28 67 10 115 129 23 109 81 84 1 82 113 99 8 19 16 107 83 64 46 4 34 33 79 126 132 71 131 69 124 5 
35 102 79 106 100 40 27 83 117 42 14 30 107 56 44 84 9 25 110 115 67 36 65 104 111 33 60 46 126 49 39 103 6 69 38 3 70 17 55 134 91 125 15 72 96 32 2 127 109 132 61 41 119 118 48 45 76 82 54 74 105 43 59 120 8 114 130 23 50 81 28 90 26 98 95 12 37 5 13 97 73 21 4 108 113 75 78 20 133 128 85 93 101 88 64 87 123 92 129 11 121 19 86 89 47 135 34 77 71 16 22 112 62 99 66 80 94 131 122 7 68 1 58 29 18 53 57 124 10 51 63 52 31 116 
89 113 124 80 26 88 119 102 66 105 128 134 73 65 125 17 68 42 82 92 81 118 96 49 15 133 79 43 2 98 78 126 135 112 41 127 107 132 57 117 63 77 123 37 39 116 91 36 72 34 27 8 71 114 59 131 69 30 121 58 52 95 85 53 97 55 16 19 111 103 12 14 48 10 62 50 106 31 108 84 122 120 61 21 7 1 38 29 93 109 6 110 67 22 40 75 13 3 9 18 74 45 4 129 33 76 25 47 28 11 99 35 94 86 104 46 83 70 130 20 32 90 87 60 23 64 100 5 115 54 101 44 56 51 
9 10 25 49 132 83 57 35 26 129 90 1 118 81 96 69 93 3 109 135 22 42 7 6 87 55 66 60 15 40 130 108 84 85 16 37 112 13 99 110 43 77 102 100 117 76 30 122 63 54 19 89 126 47 97 71 128 86 107 62 80 68 116 131 119 34 18 121 133 4 113 5 120 105 115 31 41 2 50 92 78 53 127 94 104 70 29 114 45 33 73 14 51 75 82 59 27 95 101 79 28 64 21 36 72 17 125 48 61 65 44 11 23 106 74 91 46 123 67 38 56 98 39 103 20 88 32 52 111 134 8 124 12 58 
