128 23 42 31 32 97 16 69 43 13 76 39 114 83 133 14 88 92 66 15 2 75 18 65 5 52 86 121 79 60 118 99 100 102 85 44 37 130 131 36 63 104 59 108 122 72 112 103 17 48 89 126 11 40 19 82 98 46 115 77 26 129 116 51 93 101 25 9 123 56 135 105 4 64 119 21 47 74 73 41 125 53 45 30 94 106 109 70 35 8 110 1 127 96 68 22 57 84 24 34 29 12 38 132 58 120 107 7 111 117 91 55 90 27 80 113 28 10 81 6 124 67 33 87 95 50 61 49 54 3 134 71 62 78 
58 73 24 128 120 60 109 17 1 89 3 6 69 52 124 125 85 35 118 96 28 18 22 19 90 132 113 29 54 12 105 129 112 111 82 117 135 94 53 66 14 93 114 23 50 102 15 34 39 115 71 40 47 88 74 98 77 79 16 45 107 119 121 122 57 127 43 32 49 59 130 86 70 91 103 33 31 87 9 37 80 21 13 25 72 81 116 65 48 46 56 83 38 84 61 104 100 62 11 92 63 26 44 76 68 133 51 4 27 106 123 95 78 67 10 36 42 126 75 8 5 64 55 7 41 30 134 101 108 131 99 97 110 2 
27 95 26 108 11 120 76 36 6 129 5 109 106 34 86 38 126 23 10 79 56 88 52 122 22 63 55 19 9 71 99 82 74 58 123 51 60 110 121 57 90 135 8 1 47 85 37 2 102 100 118 80 68 133 43 128 24 97 134 14 67 77 48 98 64 40 3 75 46 130 81 104 84 35 12 125 29 59 83 28 44 112 17 66 50 39 18 127 65 49 42 62 131 115 103 25 132 13 15 117 89 72 105 116 54 31 45 78 92 41 96 91 107 61 73 53 4 7 101 70 119 113 87 21 124 30 93 114 16 32 69 33 94 111 
5 107 103 132 131 18 129 109 54 56 25 117 73 71 34 112 52 81 123 19 24 75 3 114 90 111 94 85 42 91 105 59 37 128 88 72 121 101 125 89 53 99 127 8 47 122 35 102 38 130 126 84 45 55 46 49 40 78 17 12 11 33 48 134 120 7 69 76 61 39 79 106 100 93 51 41 70 36 4 63 58 116 32 87 28 96 86 16 135 27 21 104 80 15 83 66 9 77 65 2 26 67 97 92 98 13 14 10 82 74 113 62 110 115 43 6 118 60 64 44 50 133 119 124 31 57 108 23 22 29 95 1 68 30 
110 85 108 71 98 84 80 29 42 9 133 115 127 59 124 3 129 27 52 14 106 116 113 82 69 41 119 28 1 4 123 44 38 31 58 91 131 62 118 13 117 23 126 130 105 134 88 17 72 65 92 83 100 89 64 73 70 86 114 54 21 53 39 35 30 11 74 77 97 12 7 32 8 22 125 18 122 55 95 109 48 78 57 111 101 5 19 51 135 99 112 60 49 50 33 63 67 104 15 93 90 107 68 102 132 25 37 87 121 120 96 26 40 94 56 36 76 6 103 46 79 2 24 34 43 128 61 16 10 75 47 66 81 45 
46 60 6 107 133 30 103 37 74 14 118 122 124 132 100 86 38 48 39 5 28 53 31 55 59 109 92 104 94 47 10 35 8 68 91 44 135 120 101 9 22 25 66 128 27 79 54 52 64 23 36 78 51 49 19 33 32 117 42 58 3 12 116 115 85 40 84 56 43 127 111 108 81 97 131 134 89 73 82 119 45 87 102 105 98 88 18 126 41 95 114 67 69 76 93 71 29 129 26 70 121 15 110 17 24 13 4 50 130 2 11 72 21 65 57 75 7 77 99 106 63 83 96 16 125 113 62 34 123 90 80 112 61 1 
16 79 85 114 71 89 13 129 134 1 93 15 9 6 2 4 37 122 32 47 126 38 103 75 66 60 123 97 106 29 14 95 62 121 108 132 73 3 113 21 131 88 5 22 68 24 135 105 117 74 11 81 30 69 35 17 56 40 100 77 128 96 63 87 127 91 28 49 92 52 80 125 53 19 45 72 51 99 86 115 46 82 65 25 55 107 54 42 104 111 43 64 67 112 50 83 70 76 27 120 119 34 61 7 109 10 84 59 90 116 124 133 36 110 98 23 58 33 8 57 94 130 12 102 39 41 78 31 118 26 101 44 48 18 
71 57 121 86 15 65 46 51 9 3 126 5 22 41 88 120 116 106 103 17 25 29 49 53 122 27 92 95 40 35 129 1 124 111 47 28 82 127 56 91 68 101 60 24 114 18 84 58 21 37 105 43 89 55 135 113 72 97 118 76 62 11 63 108 130 110 31 26 54 98 119 69 81 10 42 19 90 112 100 13 104 73 34 85 96 75 59 132 117 79 48 32 94 16 102 83 109 99 123 44 2 67 4 115 131 8 36 74 125 70 38 78 87 6 61 12 128 50 64 45 107 23 30 93 134 39 80 52 66 77 7 133 14 33 
48 134 33 22 112 132 75 124 54 53 83 38 126 2 109 50 113 102 9 72 35 47 23 26 121 13 27 65 36 128 97 11 85 91 76 100 78 12 99 56 68 98 81 7 131 64 42 37 90 62 5 80 116 21 129 10 117 45 86 34 88 57 77 87 39 101 15 31 17 95 8 60 58 59 123 118 114 130 106 28 71 107 69 74 70 14 73 127 30 66 94 29 25 93 51 67 43 105 79 16 63 92 4 19 135 46 1 122 119 115 125 52 89 120 108 6 111 55 110 24 32 133 96 40 18 104 61 44 103 41 82 84 3 49 
84 63 130 108 119 25 42 135 89 9 93 45 81 83 99 39 111 112 134 102 41 126 91 26 72 50 107 118 6 82 59 29 128 131 116 100 114 7 31 22 97 101 16 132 123 62 24 58 44 47 12 19 37 61 129 34 60 74 13 17 54 10 105 95 75 115 38 5 21 127 109 92 86 49 104 122 69 2 73 64 103 32 71 85 110 96 65 66 14 55 51 87 77 121 70 113 133 15 94 11 8 124 43 125 40 67 79 76 52 27 28 56 48 30 46 106 117 88 98 80 53 18 33 78 35 3 68 90 23 120 36 4 57 1 
