48 134 123 70 98 121 58 100 82 43 85 115 128 44 34 37 106 76 6 127 101 26 73 95 23 107 55 62 12 30 102 16 104 108 77 88 94 67 53 99 66 19 105 68 90 87 24 114 28 120 89 129 4 41 83 50 80 103 27 25 86 74 22 1 109 125 5 111 113 13 96 42 81 126 3 116 64 119 71 52 72 122 45 14 35 118 117 8 131 56 75 79 38 36 7 132 21 46 11 2 47 63 84 69 59 39 92 32 65 135 57 20 97 78 10 31 40 133 93 91 54 29 110 17 33 130 124 9 15 112 61 18 60 49 
22 80 69 59 71 55 109 63 61 67 95 32 19 130 114 94 28 98 84 48 120 104 101 83 34 5 35 133 119 129 20 45 47 40 16 54 21 66 44 126 87 111 89 68 24 92 10 107 52 11 53 88 112 56 117 73 76 36 8 6 65 93 26 125 90 9 42 105 116 29 122 41 81 132 3 13 135 134 31 30 64 12 72 108 1 123 127 7 18 17 131 106 85 103 39 60 110 100 74 121 124 46 37 115 99 25 128 113 27 75 79 86 96 33 43 49 2 50 102 91 118 4 23 70 62 38 82 77 15 97 57 58 14 78 
69 113 108 101 121 22 98 85 124 13 37 73 26 84 127 62 49 129 40 111 81 118 25 65 82 135 100 83 35 61 21 1 20 76 57 52 48 130 128 67 4 70 66 93 23 110 71 11 42 68 126 55 94 106 80 6 7 91 53 29 75 9 125 97 105 38 79 72 31 89 116 36 90 27 12 133 99 46 34 39 8 41 104 107 87 44 3 123 74 28 58 117 10 63 19 30 131 17 112 18 132 45 60 47 15 33 78 134 109 59 120 64 114 54 5 95 32 96 2 122 56 77 92 43 88 103 115 14 16 86 102 119 24 50 
89 88 87 3 109 121 14 66 49 113 134 52 72 18 119 84 15 65 25 59 69 48 36 120 44 98 99 78 107 46 77 40 108 122 85 50 111 21 95 124 96 92 22 34 101 61 9 4 83 58 79 35 128 82 56 20 2 110 116 70 114 125 47 75 67 73 63 54 135 126 11 112 7 8 38 103 133 42 132 24 37 62 80 32 1 94 131 93 90 104 74 68 100 123 127 76 23 86 30 53 5 12 33 130 29 71 6 10 41 16 57 97 43 115 117 31 118 91 19 28 39 81 106 64 105 13 26 27 17 102 60 129 55 45 
48 75 74 30 46 97 8 12 22 58 92 110 93 77 120 31 26 121 83 61 118 59 108 95 91 55 60 68 6 21 113 3 80 39 102 122 69 132 103 53 64 49 27 40 28 86 36 66 42 100 76 133 54 45 50 104 18 128 29 106 13 1 20 9 62 123 82 114 116 23 98 24 101 15 119 67 70 56 111 126 87 84 89 81 41 94 16 134 52 65 7 72 34 4 38 47 78 124 11 90 125 112 44 131 71 2 63 115 109 135 17 96 43 25 32 37 5 105 10 129 85 117 107 19 73 57 33 35 14 79 88 127 130 99 
81 67 115 106 18 122 94 11 132 22 107 31 104 27 135 35 59 113 19 62 130 26 134 37 95 124 2 77 15 114 57 116 61 74 117 5 121 30 46 23 40 6 96 103 39 9 65 58 72 44 29 34 64 50 84 88 66 92 33 25 28 101 48 56 3 90 133 69 71 53 38 76 89 52 45 73 120 68 42 99 127 54 1 14 85 98 87 97 102 112 109 20 24 75 119 49 100 70 4 43 16 12 78 41 80 93 7 91 55 86 36 82 13 108 60 47 111 129 118 131 105 21 125 63 32 79 110 128 126 10 8 17 83 123 
118 3 100 127 50 40 119 130 75 88 80 77 74 107 11 30 14 38 96 99 113 87 69 133 58 6 120 105 5 121 8 70 89 98 85 18 73 94 45 48 47 101 9 83 111 106 81 23 79 34 90 10 36 37 31 132 109 122 42 41 49 63 129 39 17 29 95 25 53 68 21 16 60 44 91 103 123 115 78 131 72 65 108 15 84 82 114 104 4 128 46 97 26 86 67 71 117 61 110 54 66 12 13 134 55 43 32 116 27 19 28 124 7 92 52 57 35 33 126 62 2 64 93 135 125 112 24 22 102 59 56 20 76 1 
59 132 21 16 93 2 60 127 65 71 79 133 113 96 103 109 115 13 66 49 90 75 53 34 63 38 36 14 99 81 114 120 86 98 27 80 128 30 40 3 105 101 70 123 104 43 8 31 95 42 85 72 108 17 1 92 89 12 118 102 130 91 82 29 23 83 76 57 125 18 4 88 15 62 122 5 94 100 35 33 110 106 39 20 131 87 67 47 68 97 77 48 126 54 73 64 61 26 32 25 19 135 6 78 74 55 11 56 134 111 107 117 116 7 41 52 58 37 46 124 84 69 112 119 44 9 45 129 24 22 121 28 50 10 
108 39 89 122 103 112 16 10 58 21 125 127 86 74 42 30 24 60 41 31 91 117 1 115 46 13 35 70 100 85 44 54 22 40 17 87 59 134 120 32 57 73 132 3 107 111 94 34 81 20 72 6 76 50 12 133 67 88 14 95 96 8 65 69 61 92 28 93 18 101 126 15 114 4 106 77 99 128 52 37 90 82 5 56 78 80 113 121 62 11 19 110 68 97 71 36 105 66 2 102 26 135 75 116 129 29 23 79 43 27 131 45 123 104 83 124 9 63 38 55 98 53 84 109 118 33 25 119 7 48 64 49 130 47 
107 44 97 83 49 43 77 12 96 41 7 101 119 80 114 9 89 28 36 16 42 72 91 131 133 93 75 3 60 20 30 132 55 11 102 24 22 128 8 94 106 123 54 46 63 110 1 40 117 31 86 25 98 69 45 23 88 90 33 100 6 21 130 108 84 50 15 111 5 34 10 85 38 103 4 66 17 87 68 115 14 120 113 29 71 126 18 121 47 67 62 99 135 56 76 79 35 104 109 32 59 118 52 74 48 95 19 92 112 26 70 105 116 73 57 78 81 129 27 58 37 64 39 122 125 65 127 61 2 82 53 124 134 13 
