57 83 61 58 53 23 1 92 104 75 20 10 13 103 85 86 17 100 45 11 106 46 76 39 94 93 125 47 72 121 89 81 116 70 51 115 98 8 79 69 44 80 82 34 88 30 9 66 29 16 2 33 18 113 102 99 32 90 87 48 42 107 132 37 123 111 78 25 15 126 67 135 21 50 117 55 77 62 110 49 28 36 105 38 52 128 130 5 27 41 84 19 120 127 31 133 56 4 71 95 108 43 91 12 122 114 112 96 60 109 7 35 131 22 63 64 26 6 129 97 101 14 119 68 124 73 74 65 3 134 54 59 24 118 
13 51 134 34 38 91 32 62 9 59 93 11 73 88 75 64 5 92 120 106 16 82 10 49 117 47 123 70 121 105 44 102 41 111 96 87 4 50 109 53 36 128 118 19 54 85 52 125 79 33 108 129 135 90 31 81 8 67 12 122 74 115 43 21 83 28 46 100 27 6 114 132 72 78 55 25 7 22 48 60 1 65 35 77 71 3 116 127 63 15 130 86 94 29 39 126 110 97 23 17 98 99 68 14 104 84 20 131 61 101 45 58 57 24 112 119 80 76 103 37 66 26 18 113 95 42 56 30 133 124 107 89 69 2 
35 26 78 86 14 134 12 106 69 83 90 65 38 39 30 126 131 63 45 2 4 111 108 68 41 82 85 133 10 84 25 116 91 98 92 119 51 27 16 11 128 6 64 135 13 18 19 79 123 118 103 56 54 43 94 34 95 36 89 59 32 7 113 46 104 99 130 77 57 87 115 8 66 20 37 15 21 76 73 109 22 124 80 102 23 121 70 107 33 1 88 31 100 58 60 47 93 67 42 74 44 28 105 71 127 117 112 96 114 3 50 52 53 97 61 110 75 101 72 24 29 49 132 122 9 129 81 17 5 55 125 62 120 48 
32 38 104 43 63 96 24 124 93 91 61 84 120 114 9 71 77 2 111 29 117 122 72 101 10 87 78 23 90 65 26 51 75 11 20 42 33 19 37 53 22 102 135 106 73 1 85 8 14 30 99 80 35 132 16 94 6 92 121 116 98 28 115 34 39 45 112 129 3 123 25 128 52 79 57 119 48 64 76 125 54 113 107 47 130 44 15 105 86 97 95 108 58 62 27 118 66 134 83 133 131 67 49 55 68 81 110 41 56 50 82 103 4 69 60 74 31 17 7 46 59 18 70 100 89 21 13 5 12 126 36 109 88 127 
23 129 93 17 128 49 7 69 57 111 80 29 91 42 133 113 121 14 105 45 130 103 24 18 85 95 117 132 8 81 74 90 71 107 19 35 64 79 50 26 100 126 116 94 76 135 56 55 3 41 63 119 67 25 99 48 114 134 44 9 37 6 54 70 110 51 34 31 2 16 30 124 98 123 77 82 32 86 28 43 83 115 33 97 53 89 131 59 15 20 87 73 68 47 65 104 96 4 22 92 5 88 66 60 102 10 112 21 106 27 72 78 75 62 39 38 125 118 84 13 127 1 109 122 11 52 120 46 101 58 108 12 61 36 
2 59 95 31 117 55 92 52 96 14 97 123 39 75 134 21 78 84 15 4 86 70 48 109 116 63 124 111 130 12 23 113 127 33 128 56 26 8 30 69 34 25 36 28 105 50 77 126 129 29 110 16 45 61 53 44 66 24 62 104 73 64 133 115 10 93 68 81 46 11 7 119 89 58 120 107 47 51 42 108 32 80 98 57 87 114 72 20 17 18 38 6 71 135 67 91 100 125 37 85 106 13 60 88 118 74 35 9 22 1 43 99 54 131 102 76 112 103 3 19 83 90 79 82 101 132 94 65 27 122 5 49 121 41 
48 30 57 106 3 37 75 119 35 104 108 73 117 123 19 4 47 132 27 66 52 80 36 109 8 31 53 84 45 46 100 61 98 39 11 65 49 42 64 33 134 85 38 81 50 107 1 124 96 76 127 54 114 21 24 5 105 56 86 102 89 121 120 12 128 58 135 91 110 113 25 26 34 125 32 129 55 59 88 2 51 28 72 70 16 95 41 68 71 69 130 99 118 116 63 82 10 133 60 122 126 23 13 17 62 87 18 94 103 111 6 9 78 67 101 92 22 29 97 79 20 90 93 43 112 7 15 74 131 83 44 14 77 115 
6 1 22 39 119 27 121 131 57 28 127 99 125 92 37 113 9 132 15 126 51 109 98 73 114 56 103 85 124 42 115 133 48 55 120 72 94 65 31 11 64 80 87 60 118 77 63 105 95 123 134 69 35 17 97 84 25 112 107 128 74 14 116 104 66 33 23 91 111 101 88 2 50 16 52 82 12 8 93 36 102 24 41 38 100 34 10 44 96 117 86 90 67 5 18 79 78 135 75 83 49 130 68 45 29 26 7 122 46 19 58 30 47 70 3 4 43 32 108 59 89 53 81 61 110 62 21 71 13 106 76 20 129 54 
45 11 108 112 129 29 123 121 12 18 4 3 47 46 1 31 92 115 122 5 106 93 120 43 128 36 97 14 23 109 59 67 130 80 7 118 113 49 34 65 124 56 89 38 21 119 84 133 114 104 33 98 69 48 99 107 127 8 35 19 83 53 76 68 64 15 72 88 74 91 86 85 87 78 9 105 79 96 125 75 77 27 41 101 52 60 135 90 24 70 22 55 13 30 116 32 71 94 111 50 81 66 117 58 73 25 10 63 37 44 20 100 2 39 82 132 61 103 6 42 131 95 16 17 102 51 134 54 26 28 110 62 57 126 
6 61 30 117 46 22 62 3 38 7 9 78 36 33 83 42 41 64 112 17 119 104 5 131 39 86 101 27 116 72 95 4 92 16 19 90 58 132 73 102 103 65 91 97 134 129 68 114 57 1 85 94 75 100 135 77 14 21 45 54 11 128 99 25 127 49 31 13 67 87 20 125 93 69 66 43 29 79 53 70 23 63 88 8 71 121 56 105 59 32 82 55 113 84 80 10 44 106 115 96 89 15 130 123 60 110 108 126 133 37 52 109 24 50 107 35 48 118 18 111 47 2 51 74 26 120 124 28 81 34 98 122 12 76 
